#This is the inpute file for the self-seeding generation
cry_thickness = 0.05e-3
cry_bragg     =  45.01
cry_asymmetry = 0
pho_energy    = 9830
xr0 = -0.15124E-04
xi0 =  0.13222E-07
xrh =  0.37824E-05
xih =  0.12060E-07
